{
  "advancedEditorSelectedIdentifier" : "ProjectBrowser",
  "openSceneRelativePaths" : [
    "TankBattleground.usda",
    "Tank\/Tank.usda"
  ],
  "recentIdentifiers" : {
    "1F3CE647-37F1-4E64-A2A2-854FEF6792EE" : [

    ],
    "4AFAB56E-38D4-4E2B-A791-05DBDD13D5EB" : [

    ],
    "A1E16DC1-8325-41D3-B33F-B916C8AC7621" : [

    ]
  },
  "sceneCameraHistory" : {
    "1F3CE647-37F1-4E64-A2A2-854FEF6792EE" : [
      {
        "date" : 764653694.070055,
        "title" : "Untitled",
        "transform" : [
          0.3317777,
          -1.23760575e-08,
          -0.9433576,
          0,
          -0.39178598,
          0.9096799,
          -0.13779067,
          0,
          0.8581534,
          0.4153101,
          0.3018115,
          0,
          2.026307,
          -1.4473403,
          -9.287195,
          1
        ]
      },
      {
        "date" : 764653682.032764,
        "title" : "Untitled",
        "transform" : [
          0.02856228,
          -1.2714364e-08,
          -0.999592,
          0,
          -0.3785634,
          0.92551214,
          -0.010817064,
          0,
          0.92513454,
          0.3787179,
          0.026434757,
          0,
          2.1816044,
          -1.5336874,
          -9.937517,
          1
        ]
      },
      {
        "date" : 764467270.958652,
        "title" : "Untitled",
        "transform" : [
          0.07816236,
          -1.331636e-08,
          0.9969406,
          0,
          0.2338308,
          0.97210443,
          -0.018332837,
          0,
          -0.9691304,
          0.23454836,
          0.07598196,
          0,
          -2.2745607,
          -1.8728374,
          -9.8218155,
          1
        ]
      },
      {
        "date" : 764467259.956603,
        "title" : "Untitled",
        "transform" : [
          0.07816236,
          -1.331636e-08,
          0.9969406,
          0,
          0.2338308,
          0.97210443,
          -0.018332837,
          0,
          -0.9691304,
          0.23454836,
          0.07598196,
          0,
          -0.15067291,
          -2.270729,
          -9.988353,
          1
        ]
      },
      {
        "date" : 764455307.658062,
        "title" : "Untitled",
        "transform" : [
          0.07816231,
          4.280018e-09,
          0.9969407,
          0,
          0.23383081,
          0.97210443,
          -0.0183328,
          0,
          -0.9691304,
          0.23454826,
          0.07598197,
          0,
          -51.96246,
          37.82951,
          -13.031849,
          1
        ]
      },
      {
        "date" : 764455073.894921,
        "title" : "Untitled",
        "transform" : [
          -0.09996277,
          4.1593045e-09,
          0.9949912,
          0,
          0.5664431,
          0.8221336,
          0.05690831,
          0,
          -0.81801575,
          0.56929445,
          -0.082182735,
          0,
          -32.67909,
          53.71046,
          -20.402878,
          1
        ]
      },
      {
        "date" : 764448438.026396,
        "title" : "Untitled",
        "transform" : [
          -0.09996277,
          4.1593045e-09,
          0.9949912,
          0,
          0.5664431,
          0.8221336,
          0.05690831,
          0,
          -0.81801575,
          0.56929445,
          -0.082182735,
          0,
          -68.914215,
          60.596725,
          -18.909168,
          1
        ]
      },
      {
        "date" : 764447865.100868,
        "title" : "Untitled",
        "transform" : [
          0.12820293,
          2.3449145e-09,
          -0.991748,
          0,
          -0.22769774,
          0.97328687,
          -0.029434457,
          0,
          0.9652553,
          0.22959226,
          0.124778196,
          0,
          69.031204,
          34.744778,
          -22.622658,
          1
        ]
      },
      {
        "date" : 764447833.232658,
        "title" : "Untitled",
        "transform" : [
          0.99538374,
          -9.700029e-10,
          0.09597521,
          0,
          0.04821094,
          0.86467797,
          -0.5000077,
          0,
          -0.082987614,
          0.5023265,
          0.8606865,
          0,
          3.0379164,
          55.14208,
          47.971832,
          1
        ]
      },
      {
        "date" : 764447822.412187,
        "title" : "Untitled",
        "transform" : [
          0.006187427,
          -3.021802e-10,
          -0.99998087,
          0,
          -0.45749137,
          0.8892095,
          -0.0028307955,
          0,
          0.8891926,
          0.4575001,
          0.0055018673,
          0,
          46.76461,
          52.79404,
          -4.796778,
          1
        ]
      }
    ],
    "4AFAB56E-38D4-4E2B-A791-05DBDD13D5EB" : [
      {
        "date" : 764461528.152881,
        "title" : "Untitled",
        "transform" : [
          0.9991485,
          -1.3459512e-06,
          0.04125817,
          0,
          0.021798486,
          0.8490471,
          -0.5278673,
          0,
          -0.035029285,
          0.52831733,
          0.8483242,
          0,
          -0.059864312,
          0.8101636,
          1.646736,
          1
        ]
      },
      {
        "date" : 764461464.455613,
        "title" : "Untitled",
        "transform" : [
          0.030406736,
          -1.3468164e-06,
          -0.9995376,
          0,
          -0.29048625,
          0.95683837,
          -0.0088380575,
          0,
          0.9563959,
          0.2906208,
          0.029093811,
          0,
          1.6455494,
          0.37661412,
          0.04192778,
          1
        ]
      },
      {
        "date" : 764460920.155116,
        "title" : "Untitled",
        "transform" : [
          0.011721389,
          -1.347095e-06,
          -0.9999313,
          0,
          -0.39742923,
          0.91762096,
          -0.004659922,
          0,
          0.9175579,
          0.39745668,
          0.010755125,
          0,
          1.5925977,
          0.56120425,
          0.010540538,
          1
        ]
      },
      {
        "date" : 764390059.776813,
        "title" : "Untitled",
        "transform" : [
          -0.016932223,
          -1.3505527e-06,
          -0.9998566,
          0,
          -0.59304035,
          0.8051101,
          0.010041904,
          0,
          0.80499446,
          0.5931254,
          -0.01363323,
          0,
          1.4258419,
          0.9040809,
          -0.032275405,
          1
        ]
      },
      {
        "date" : 764389953.791428,
        "title" : "Untitled",
        "transform" : [
          0.5088994,
          -1.3511578e-06,
          -0.86082596,
          0,
          -0.22307009,
          0.96584094,
          -0.13187507,
          0,
          0.83142114,
          0.25913575,
          0.49151543,
          0,
          1.4309655,
          0.32251605,
          0.8365108,
          1
        ]
      },
      {
        "date" : 764368679.919705,
        "title" : "Untitled",
        "transform" : [
          0.9779041,
          -1.3715918e-06,
          0.20905364,
          0,
          0.17157282,
          0.571347,
          -0.80257404,
          0,
          -0.11944099,
          0.8207086,
          0.5587228,
          0,
          -0.21349674,
          1.3150266,
          1.037571,
          1
        ]
      },
      {
        "date" : 764322173.422225,
        "title" : "Untitled",
        "transform" : [
          -0.033786424,
          -1.3773715e-06,
          0.99942905,
          0,
          0.16743879,
          0.9858661,
          0.0056617106,
          0,
          -0.98530334,
          0.16753459,
          -0.03330859,
          0,
          -1.6797485,
          0.16585328,
          -0.048653424,
          1
        ]
      },
      {
        "date" : 764321950.894056,
        "title" : "Untitled",
        "transform" : [
          -0.010306701,
          -1.3772863e-06,
          0.9999469,
          0,
          0.22973716,
          0.9732498,
          0.0023692627,
          0,
          -0.9731981,
          0.22974946,
          -0.010030614,
          0,
          -1.6665195,
          0.27214128,
          -0.009049624,
          1
        ]
      },
      {
        "date" : 764321831.535041,
        "title" : "Untitled",
        "transform" : [
          0.9868694,
          -1.3771548e-06,
          0.1615204,
          0,
          0.060126457,
          0.92813444,
          -0.3673574,
          0,
          -0.14991206,
          0.37224546,
          0.91594744,
          0,
          -0.25159842,
          0.51749593,
          1.5875535,
          1
        ]
      },
      {
        "date" : 764315449.597366,
        "title" : "Untitled",
        "transform" : [
          0.09021596,
          -1.3767392e-06,
          0.99592227,
          0,
          0.5055954,
          0.8615544,
          -0.045798365,
          0,
          -0.85804105,
          0.50766546,
          0.0777267,
          0,
          -1.5042812,
          0.7534646,
          0.14442691,
          1
        ]
      }
    ],
    "A1E16DC1-8325-41D3-B33F-B916C8AC7621" : [
      {
        "date" : 764390066.675901,
        "title" : "Untitled",
        "transform" : [
          -0.06716512,
          -2.739831e-09,
          -0.9977419,
          0,
          -0.07474774,
          0.99718964,
          0.0050318013,
          0,
          0.9949379,
          0.07491687,
          -0.066976346,
          0,
          0.5530156,
          0.101651445,
          0.029647008,
          1
        ]
      },
      {
        "date" : 764389963.060931,
        "title" : "Untitled",
        "transform" : [
          0.0901959,
          -1.6331948e-09,
          -0.99592406,
          0,
          -0.44291222,
          0.89566714,
          -0.040112365,
          0,
          0.8920165,
          0.44472486,
          0.08078552,
          0,
          0.46315196,
          0.3010983,
          0.108941875,
          1
        ]
      },
      {
        "date" : 764322154.692324,
        "title" : "Untitled",
        "transform" : [
          0.011374067,
          1.6887874e-10,
          -0.9999353,
          0,
          -0.1493274,
          0.98878634,
          -0.0016985689,
          0,
          0.9887224,
          0.14933701,
          0.011246521,
          0,
          0.53983223,
          0.14251187,
          0.07286822,
          1
        ]
      },
      {
        "date" : 764322091.653983,
        "title" : "Untitled",
        "transform" : [
          0.011374067,
          1.6887874e-10,
          -0.9999353,
          0,
          -0.14932741,
          0.98878646,
          -0.0016985692,
          0,
          0.9887225,
          0.14933702,
          0.011246522,
          0,
          2.557133,
          0.38623044,
          0.029086879,
          1
        ]
      }
    ]
  },
  "sceneViewportBackgroundColors" : {

  },
  "selectedSceneRelativePath" : "TankBattleground.usda"
}