{
  "advancedEditorSelectedIdentifier" : "ProjectBrowser",
  "openSceneRelativePaths" : [
    "TankBattleground.usda",
    "Tank\/Tank.usda",
    "Missile\/Missile.usda"
  ],
  "recentIdentifiers" : {
    "1F3CE647-37F1-4E64-A2A2-854FEF6792EE" : [

    ],
    "4AFAB56E-38D4-4E2B-A791-05DBDD13D5EB" : [

    ],
    "A1E16DC1-8325-41D3-B33F-B916C8AC7621" : [

    ]
  },
  "sceneCameraHistory" : {
    "1F3CE647-37F1-4E64-A2A2-854FEF6792EE" : [
      {
        "date" : 764408704.992683,
        "title" : "Untitled",
        "transform" : [
          0.2191926,
          -4.9531614e-09,
          -0.97568154,
          0,
          -0.4575037,
          0.88324773,
          -0.102780946,
          0,
          0.8617686,
          0.46890673,
          0.19360134,
          0,
          7.9169474,
          4.1235194,
          -10.072803,
          1
        ]
      },
      {
        "date" : 764408677.181134,
        "title" : "Untitled",
        "transform" : [
          -0.38071698,
          -2.4672111e-08,
          -0.92469156,
          0,
          0.2041988,
          0.9753125,
          -0.084073424,
          0,
          0.90186334,
          -0.22082913,
          -0.3713181,
          0,
          51.01545,
          3.1062422,
          -28.676308,
          1
        ]
      },
      {
        "date" : 764408585.212578,
        "title" : "Untitled",
        "transform" : [
          -0.3807171,
          -6.443342e-09,
          -0.9246915,
          0,
          0.20419882,
          0.97531253,
          -0.08407345,
          0,
          0.9018633,
          -0.22082914,
          -0.3713182,
          0,
          -9.471045,
          3.5143948,
          -3.2574837,
          1
        ]
      },
      {
        "date" : 764322217.028056,
        "title" : "Untitled",
        "transform" : [
          0.9315553,
          -4.2488937e-09,
          -0.36359987,
          0,
          -0.081745945,
          0.97439945,
          -0.2094359,
          0,
          0.3542915,
          0.2248239,
          0.90770686,
          0,
          3.0195563,
          0.7420666,
          -2.1070611,
          1
        ]
      },
      {
        "date" : 764322183.605627,
        "title" : "Untitled",
        "transform" : [
          0.12771268,
          -2.7257924e-08,
          -0.99181116,
          0,
          -0.3450141,
          0.9375455,
          -0.044426497,
          0,
          0.9298681,
          0.34786266,
          0.11973644,
          0,
          5.5648518,
          -1.351848,
          -4.462268,
          1
        ]
      },
      {
        "date" : 764319560.653527,
        "title" : "Untitled",
        "transform" : [
          0.9995686,
          -2.8514819e-08,
          0.029368939,
          0,
          0.02148954,
          0.6816171,
          -0.7313934,
          0,
          -0.020018348,
          0.73170906,
          0.68132305,
          0,
          0.04387439,
          1.04984,
          -0.45377254,
          1
        ]
      },
      {
        "date" : 764319541.355203,
        "title" : "Untitled",
        "transform" : [
          0.99921846,
          -2.8325568e-08,
          0.039527085,
          0,
          0.021972781,
          0.83125514,
          -0.55545664,
          0,
          -0.032857075,
          0.5558911,
          0.83060545,
          0,
          0.025453666,
          0.79758024,
          -0.23958535,
          1
        ]
      },
      {
        "date" : 764319535.48937,
        "title" : "Untitled",
        "transform" : [
          0.07133467,
          -2.8246603e-08,
          -0.9974524,
          0,
          -0.4993292,
          0.86567616,
          -0.035710488,
          0,
          0.8634707,
          0.5006045,
          0.061752703,
          0,
          0.36724874,
          0.20950936,
          0.010260068,
          1
        ]
      },
      {
        "date" : 764315740.607424,
        "title" : "Untitled",
        "transform" : [
          0.07133476,
          1.6811829e-09,
          -0.99745244,
          0,
          -0.6924179,
          0.7197953,
          -0.04951962,
          0,
          0.7179615,
          0.6941864,
          0.05134642,
          0,
          11.503504,
          5.5892367,
          -4.763421,
          1
        ]
      },
      {
        "date" : 764315716.652154,
        "title" : "Untitled",
        "transform" : [
          0.07133476,
          1.6811829e-09,
          -0.99745244,
          0,
          -0.6924179,
          0.7197953,
          -0.04951962,
          0,
          0.7179615,
          0.6941864,
          0.05134642,
          0,
          10.117176,
          3.9926236,
          -8.586782,
          1
        ]
      }
    ],
    "4AFAB56E-38D4-4E2B-A791-05DBDD13D5EB" : [
      {
        "date" : 764390059.776813,
        "title" : "Untitled",
        "transform" : [
          -0.016932223,
          -1.3505527e-06,
          -0.9998566,
          0,
          -0.59304035,
          0.8051101,
          0.010041904,
          0,
          0.80499446,
          0.5931254,
          -0.01363323,
          0,
          1.4258419,
          0.9040809,
          -0.032275405,
          1
        ]
      },
      {
        "date" : 764389953.791428,
        "title" : "Untitled",
        "transform" : [
          0.5088994,
          -1.3511578e-06,
          -0.86082596,
          0,
          -0.22307009,
          0.96584094,
          -0.13187507,
          0,
          0.83142114,
          0.25913575,
          0.49151543,
          0,
          1.4309655,
          0.32251605,
          0.8365108,
          1
        ]
      },
      {
        "date" : 764368679.919705,
        "title" : "Untitled",
        "transform" : [
          0.9779041,
          -1.3715918e-06,
          0.20905364,
          0,
          0.17157282,
          0.571347,
          -0.80257404,
          0,
          -0.11944099,
          0.8207086,
          0.5587228,
          0,
          -0.21349674,
          1.3150266,
          1.037571,
          1
        ]
      },
      {
        "date" : 764322173.422225,
        "title" : "Untitled",
        "transform" : [
          -0.033786424,
          -1.3773715e-06,
          0.99942905,
          0,
          0.16743879,
          0.9858661,
          0.0056617106,
          0,
          -0.98530334,
          0.16753459,
          -0.03330859,
          0,
          -1.6797485,
          0.16585328,
          -0.048653424,
          1
        ]
      },
      {
        "date" : 764321950.894056,
        "title" : "Untitled",
        "transform" : [
          -0.010306701,
          -1.3772863e-06,
          0.9999469,
          0,
          0.22973716,
          0.9732498,
          0.0023692627,
          0,
          -0.9731981,
          0.22974946,
          -0.010030614,
          0,
          -1.6665195,
          0.27214128,
          -0.009049624,
          1
        ]
      },
      {
        "date" : 764321831.535041,
        "title" : "Untitled",
        "transform" : [
          0.9868694,
          -1.3771548e-06,
          0.1615204,
          0,
          0.060126457,
          0.92813444,
          -0.3673574,
          0,
          -0.14991206,
          0.37224546,
          0.91594744,
          0,
          -0.25159842,
          0.51749593,
          1.5875535,
          1
        ]
      },
      {
        "date" : 764315449.597366,
        "title" : "Untitled",
        "transform" : [
          0.09021596,
          -1.3767392e-06,
          0.99592227,
          0,
          0.5055954,
          0.8615544,
          -0.045798365,
          0,
          -0.85804105,
          0.50766546,
          0.0777267,
          0,
          -1.5042812,
          0.7534646,
          0.14442691,
          1
        ]
      },
      {
        "date" : 764315298.600285,
        "title" : "Untitled",
        "transform" : [
          0.3014085,
          -1.376038e-06,
          0.953495,
          0,
          0.351771,
          0.9294582,
          -0.11119672,
          0,
          -0.8862336,
          0.3689276,
          0.28014714,
          0,
          -1.8005806,
          0.36585057,
          0.31584615,
          1
        ]
      },
      {
        "date" : 764315258.128193,
        "title" : "Untitled",
        "transform" : [
          0.995179,
          -1.3767551e-06,
          0.098076425,
          0,
          0.078188196,
          0.603704,
          -0.79336506,
          0,
          -0.05920804,
          0.7972086,
          0.60079354,
          0,
          -0.5237904,
          0.9810527,
          0.6977326,
          1
        ]
      },
      {
        "date" : 764315245.846248,
        "title" : "Untitled",
        "transform" : [
          -0.13375804,
          -1.3824018e-06,
          0.99101406,
          0,
          0.24820787,
          0.9681273,
          0.033502188,
          0,
          -0.9594278,
          0.2504587,
          -0.12949447,
          0,
          -1.661682,
          0.35009605,
          -0.06670427,
          1
        ]
      }
    ],
    "A1E16DC1-8325-41D3-B33F-B916C8AC7621" : [
      {
        "date" : 764390066.675901,
        "title" : "Untitled",
        "transform" : [
          -0.06716512,
          -2.739831e-09,
          -0.9977419,
          0,
          -0.07474774,
          0.99718964,
          0.0050318013,
          0,
          0.9949379,
          0.07491687,
          -0.066976346,
          0,
          0.5530156,
          0.101651445,
          0.029647008,
          1
        ]
      },
      {
        "date" : 764389963.060931,
        "title" : "Untitled",
        "transform" : [
          0.0901959,
          -1.6331948e-09,
          -0.99592406,
          0,
          -0.44291222,
          0.89566714,
          -0.040112365,
          0,
          0.8920165,
          0.44472486,
          0.08078552,
          0,
          0.46315196,
          0.3010983,
          0.108941875,
          1
        ]
      },
      {
        "date" : 764322154.692324,
        "title" : "Untitled",
        "transform" : [
          0.011374067,
          1.6887874e-10,
          -0.9999353,
          0,
          -0.1493274,
          0.98878634,
          -0.0016985689,
          0,
          0.9887224,
          0.14933701,
          0.011246521,
          0,
          0.53983223,
          0.14251187,
          0.07286822,
          1
        ]
      },
      {
        "date" : 764322091.653983,
        "title" : "Untitled",
        "transform" : [
          0.011374067,
          1.6887874e-10,
          -0.9999353,
          0,
          -0.14932741,
          0.98878646,
          -0.0016985692,
          0,
          0.9887225,
          0.14933702,
          0.011246522,
          0,
          2.557133,
          0.38623044,
          0.029086879,
          1
        ]
      }
    ]
  },
  "sceneViewportBackgroundColors" : {

  },
  "selectedSceneRelativePath" : "Missile\/Missile.usda"
}