{
  "advancedEditorSelectedIdentifier" : "ProjectBrowser",
  "openSceneRelativePaths" : [

  ],
  "recentIdentifiers" : {
    "1F3CE647-37F1-4E64-A2A2-854FEF6792EE" : [

    ],
    "4AFAB56E-38D4-4E2B-A791-05DBDD13D5EB" : [

    ],
    "A1E16DC1-8325-41D3-B33F-B916C8AC7621" : [

    ]
  },
  "sceneCameraHistory" : {
    "1F3CE647-37F1-4E64-A2A2-854FEF6792EE" : [
      {
        "date" : 768699261.614635,
        "title" : "Untitled",
        "transform" : [
          0.9997961,
          -4.8448126e-08,
          -0.02019199,
          0,
          -0.008843587,
          0.89898604,
          -0.43788788,
          0,
          0.01815234,
          0.43797722,
          0.8988028,
          0,
          0.12784357,
          0.7359432,
          -7.468729,
          1
        ]
      },
      {
        "date" : 768699253.865829,
        "title" : "Untitled",
        "transform" : [
          0.9997961,
          -4.8448126e-08,
          -0.02019199,
          0,
          -0.008843587,
          0.89898604,
          -0.43788788,
          0,
          0.01815234,
          0.43797722,
          0.8988028,
          0,
          0.07902391,
          -0.44197237,
          -9.886037,
          1
        ]
      },
      {
        "date" : 768699244.049367,
        "title" : "Untitled",
        "transform" : [
          0.9997961,
          -4.8448126e-08,
          -0.02019199,
          0,
          -0.008843587,
          0.89898604,
          -0.43788788,
          0,
          0.01815234,
          0.43797722,
          0.8988028,
          0,
          0.066925906,
          -0.73387146,
          -10.485061,
          1
        ]
      },
      {
        "date" : 768698780.262282,
        "title" : "Untitled",
        "transform" : [
          0.9997961,
          -4.8448126e-08,
          -0.02019199,
          0,
          -0.008843587,
          0.89898604,
          -0.43788788,
          0,
          0.01815234,
          0.43797722,
          0.8988028,
          0,
          0.05606141,
          -0.73387146,
          -10.48484,
          1
        ]
      },
      {
        "date" : 768697865.080477,
        "title" : "Untitled",
        "transform" : [
          0.9997961,
          -4.8448126e-08,
          -0.02019199,
          0,
          -0.008843587,
          0.89898604,
          -0.43788788,
          0,
          0.01815234,
          0.43797722,
          0.8988028,
          0,
          0.0036218166,
          -1.9991283,
          -13.08136,
          1
        ]
      },
      {
        "date" : 768697454.645389,
        "title" : "Untitled",
        "transform" : [
          0.99979615,
          -4.8542056e-08,
          -0.020191992,
          0,
          -0.008843591,
          0.8989861,
          -0.43788788,
          0,
          0.018152367,
          0.43797716,
          0.8988029,
          0,
          2.2634263,
          27.70906,
          110.9268,
          1
        ]
      },
      {
        "date" : 768697440.996172,
        "title" : "Untitled",
        "transform" : [
          0.99979615,
          -4.8542056e-08,
          -0.020191992,
          0,
          -0.008843591,
          0.8989861,
          -0.43788788,
          0,
          0.018152367,
          0.43797716,
          0.8988029,
          0,
          2.2677498,
          27.269556,
          111.14087,
          1
        ]
      },
      {
        "date" : 768697427.494046,
        "title" : "Untitled",
        "transform" : [
          0.99981344,
          -4.8448737e-08,
          0.01931848,
          0,
          0.011724511,
          0.7947746,
          -0.60679156,
          0,
          -0.015353781,
          0.6069048,
          0.7946263,
          0,
          -2.3597245,
          50.613346,
          102.871086,
          1
        ]
      },
      {
        "date" : 768697358.146964,
        "title" : "Untitled",
        "transform" : [
          0.99994624,
          -4.8428447e-08,
          0.01037612,
          0,
          0.006833678,
          0.75249875,
          -0.6585583,
          0,
          -0.00780796,
          0.6585938,
          0.7524582,
          0,
          -1.3111174,
          58.02791,
          99.09911,
          1
        ]
      },
      {
        "date" : 768697328.003135,
        "title" : "Untitled",
        "transform" : [
          0.99962693,
          -4.856437e-08,
          0.027313508,
          0,
          0.020562,
          0.65823406,
          -0.75253254,
          0,
          -0.01797862,
          0.75281334,
          0.6579885,
          0,
          -2.9127266,
          71.999596,
          90.04643,
          1
        ]
      }
    ],
    "4AFAB56E-38D4-4E2B-A791-05DBDD13D5EB" : [
      {
        "date" : 770104333.491916,
        "title" : "Untitled",
        "transform" : [
          0.82774746,
          -1.367425e-06,
          0.5611008,
          0,
          0.3266673,
          0.8130538,
          -0.48190463,
          0,
          -0.45620435,
          0.58218837,
          0.67300385,
          0,
          -0.9398706,
          1.2057474,
          1.0453892,
          1
        ]
      },
      {
        "date" : 770104284.226788,
        "title" : "Untitled",
        "transform" : [
          0.04142607,
          -1.3600977e-06,
          0.9991416,
          0,
          0.43213406,
          0.9016315,
          -0.017915873,
          0,
          -0.90085745,
          0.43250504,
          0.037351828,
          0,
          -0.5504555,
          0.425588,
          0.1617891,
          1
        ]
      },
      {
        "date" : 770104280.879066,
        "title" : "Untitled",
        "transform" : [
          0.9888933,
          -1.3596084e-06,
          0.14862736,
          0,
          0.07916301,
          0.84635425,
          -0.52670467,
          0,
          -0.12579049,
          0.53262025,
          0.8369542,
          0,
          0.34478655,
          0.52689606,
          0.87133014,
          1
        ]
      },
      {
        "date" : 770104261.34078,
        "title" : "Untitled",
        "transform" : [
          0.47839966,
          -1.3376473e-06,
          -0.87814224,
          0,
          -0.12075521,
          0.9905,
          -0.065787144,
          0,
          0.8698001,
          0.13751258,
          0.4738545,
          0,
          1.2566878,
          0.13386682,
          0.35234806,
          1
        ]
      },
      {
        "date" : 770104220.545791,
        "title" : "Untitled",
        "transform" : [
          -0.12104174,
          -1.339417e-06,
          0.9926474,
          0,
          0.41514403,
          0.9083462,
          0.05062307,
          0,
          -0.90166765,
          0.418219,
          -0.10994706,
          0,
          -1.2056195,
          0.4962104,
          0.14693783,
          1
        ]
      },
      {
        "date" : 770104204.71325,
        "title" : "Untitled",
        "transform" : [
          -0.12305636,
          -1.3393811e-06,
          0.9923997,
          0,
          0.47608262,
          0.8774168,
          0.059034754,
          0,
          -0.87074834,
          0.47972876,
          -0.107970916,
          0,
          -1.1692588,
          0.57615614,
          0.14903583,
          1
        ]
      },
      {
        "date" : 770104181.665074,
        "title" : "Untitled",
        "transform" : [
          -0.3195406,
          -1.3373425e-06,
          0.9475726,
          0,
          0.6590931,
          0.71846837,
          0.22226042,
          0,
          -0.68080133,
          0.6955597,
          -0.22957881,
          0,
          -0.99150294,
          0.8588116,
          -0.026422475,
          1
        ]
      },
      {
        "date" : 770104172.637456,
        "title" : "Untitled",
        "transform" : [
          -0.23949155,
          -1.3396888e-06,
          0.97089845,
          0,
          0.45877048,
          0.881319,
          0.113166064,
          0,
          -0.85567135,
          0.47252175,
          -0.21106769,
          0,
          -1.1451658,
          0.4795922,
          0.04691261,
          1
        ]
      },
      {
        "date" : 770103967.808294,
        "title" : "Untitled",
        "transform" : [
          0.120254286,
          -1.3397122e-06,
          0.99274325,
          0,
          0.46736115,
          0.8822519,
          -0.056611888,
          0,
          -0.87584955,
          0.47077736,
          0.10609536,
          0,
          -1.0819852,
          0.4782211,
          0.30100945,
          1
        ]
      },
      {
        "date" : 770103957.458845,
        "title" : "Untitled",
        "transform" : [
          -0.9978799,
          -1.3392524e-06,
          0.065083,
          0,
          0.037798576,
          0.8140529,
          0.57955945,
          0,
          -0.05298193,
          0.58079076,
          -0.8123269,
          0,
          -0.23599233,
          0.6176322,
          -1.0260761,
          1
        ]
      }
    ],
    "4D828FA9-98CC-4053-B6B2-1164F031D690" : [
      {
        "date" : 768697238.755536,
        "title" : "Untitled",
        "transform" : [
          1,
          0,
          0,
          0,
          0,
          0.7071069,
          -0.70710677,
          0,
          0,
          0.70710677,
          0.7071069,
          0,
          0,
          47.38534,
          47.38535,
          1
        ]
      }
    ],
    "A1E16DC1-8325-41D3-B33F-B916C8AC7621" : [
      {
        "date" : 764390066.675901,
        "title" : "Untitled",
        "transform" : [
          -0.06716512,
          -2.739831e-09,
          -0.9977419,
          0,
          -0.07474774,
          0.99718964,
          0.0050318013,
          0,
          0.9949379,
          0.07491687,
          -0.066976346,
          0,
          0.5530156,
          0.101651445,
          0.029647008,
          1
        ]
      },
      {
        "date" : 764389963.060931,
        "title" : "Untitled",
        "transform" : [
          0.0901959,
          -1.6331948e-09,
          -0.99592406,
          0,
          -0.44291222,
          0.89566714,
          -0.040112365,
          0,
          0.8920165,
          0.44472486,
          0.08078552,
          0,
          0.46315196,
          0.3010983,
          0.108941875,
          1
        ]
      },
      {
        "date" : 764322154.692324,
        "title" : "Untitled",
        "transform" : [
          0.011374067,
          1.6887874e-10,
          -0.9999353,
          0,
          -0.1493274,
          0.98878634,
          -0.0016985689,
          0,
          0.9887224,
          0.14933701,
          0.011246521,
          0,
          0.53983223,
          0.14251187,
          0.07286822,
          1
        ]
      },
      {
        "date" : 764322091.653983,
        "title" : "Untitled",
        "transform" : [
          0.011374067,
          1.6887874e-10,
          -0.9999353,
          0,
          -0.14932741,
          0.98878646,
          -0.0016985692,
          0,
          0.9887225,
          0.14933702,
          0.011246522,
          0,
          2.557133,
          0.38623044,
          0.029086879,
          1
        ]
      }
    ]
  },
  "sceneViewportBackgroundColors" : {

  }
}