{
  "advancedEditorSelectedIdentifier" : "ShaderGraphEditorPluginID",
  "openSceneRelativePaths" : [
    "TankBattleground.usda",
    "Tank\/Tank.usda"
  ],
  "recentIdentifiers" : {
    "1F3CE647-37F1-4E64-A2A2-854FEF6792EE" : [

    ],
    "4AFAB56E-38D4-4E2B-A791-05DBDD13D5EB" : [

    ],
    "A1E16DC1-8325-41D3-B33F-B916C8AC7621" : [

    ]
  },
  "sceneCameraHistory" : {
    "1F3CE647-37F1-4E64-A2A2-854FEF6792EE" : [
      {
        "date" : 768699261.614635,
        "title" : "Untitled",
        "transform" : [
          0.9997961,
          -4.8448126e-08,
          -0.02019199,
          0,
          -0.008843587,
          0.89898604,
          -0.43788788,
          0,
          0.01815234,
          0.43797722,
          0.8988028,
          0,
          0.12784357,
          0.7359432,
          -7.468729,
          1
        ]
      },
      {
        "date" : 768699253.865829,
        "title" : "Untitled",
        "transform" : [
          0.9997961,
          -4.8448126e-08,
          -0.02019199,
          0,
          -0.008843587,
          0.89898604,
          -0.43788788,
          0,
          0.01815234,
          0.43797722,
          0.8988028,
          0,
          0.07902391,
          -0.44197237,
          -9.886037,
          1
        ]
      },
      {
        "date" : 768699244.049367,
        "title" : "Untitled",
        "transform" : [
          0.9997961,
          -4.8448126e-08,
          -0.02019199,
          0,
          -0.008843587,
          0.89898604,
          -0.43788788,
          0,
          0.01815234,
          0.43797722,
          0.8988028,
          0,
          0.066925906,
          -0.73387146,
          -10.485061,
          1
        ]
      },
      {
        "date" : 768698780.262282,
        "title" : "Untitled",
        "transform" : [
          0.9997961,
          -4.8448126e-08,
          -0.02019199,
          0,
          -0.008843587,
          0.89898604,
          -0.43788788,
          0,
          0.01815234,
          0.43797722,
          0.8988028,
          0,
          0.05606141,
          -0.73387146,
          -10.48484,
          1
        ]
      },
      {
        "date" : 768697865.080477,
        "title" : "Untitled",
        "transform" : [
          0.9997961,
          -4.8448126e-08,
          -0.02019199,
          0,
          -0.008843587,
          0.89898604,
          -0.43788788,
          0,
          0.01815234,
          0.43797722,
          0.8988028,
          0,
          0.0036218166,
          -1.9991283,
          -13.08136,
          1
        ]
      },
      {
        "date" : 768697454.645389,
        "title" : "Untitled",
        "transform" : [
          0.99979615,
          -4.8542056e-08,
          -0.020191992,
          0,
          -0.008843591,
          0.8989861,
          -0.43788788,
          0,
          0.018152367,
          0.43797716,
          0.8988029,
          0,
          2.2634263,
          27.70906,
          110.9268,
          1
        ]
      },
      {
        "date" : 768697440.996172,
        "title" : "Untitled",
        "transform" : [
          0.99979615,
          -4.8542056e-08,
          -0.020191992,
          0,
          -0.008843591,
          0.8989861,
          -0.43788788,
          0,
          0.018152367,
          0.43797716,
          0.8988029,
          0,
          2.2677498,
          27.269556,
          111.14087,
          1
        ]
      },
      {
        "date" : 768697427.494046,
        "title" : "Untitled",
        "transform" : [
          0.99981344,
          -4.8448737e-08,
          0.01931848,
          0,
          0.011724511,
          0.7947746,
          -0.60679156,
          0,
          -0.015353781,
          0.6069048,
          0.7946263,
          0,
          -2.3597245,
          50.613346,
          102.871086,
          1
        ]
      },
      {
        "date" : 768697358.146964,
        "title" : "Untitled",
        "transform" : [
          0.99994624,
          -4.8428447e-08,
          0.01037612,
          0,
          0.006833678,
          0.75249875,
          -0.6585583,
          0,
          -0.00780796,
          0.6585938,
          0.7524582,
          0,
          -1.3111174,
          58.02791,
          99.09911,
          1
        ]
      },
      {
        "date" : 768697328.003135,
        "title" : "Untitled",
        "transform" : [
          0.99962693,
          -4.856437e-08,
          0.027313508,
          0,
          0.020562,
          0.65823406,
          -0.75253254,
          0,
          -0.01797862,
          0.75281334,
          0.6579885,
          0,
          -2.9127266,
          71.999596,
          90.04643,
          1
        ]
      }
    ],
    "4AFAB56E-38D4-4E2B-A791-05DBDD13D5EB" : [
      {
        "date" : 768697177.635594,
        "title" : "Untitled",
        "transform" : [
          0.99884135,
          -1.3443771e-06,
          0.04812215,
          0,
          0.009039678,
          0.98220307,
          -0.18760471,
          0,
          -0.047265336,
          0.18782249,
          0.9810652,
          0,
          -0.079892136,
          0.16372313,
          1.8271564,
          1
        ]
      },
      {
        "date" : 764461528.152881,
        "title" : "Untitled",
        "transform" : [
          0.9991485,
          -1.3459512e-06,
          0.04125817,
          0,
          0.021798486,
          0.8490471,
          -0.5278673,
          0,
          -0.035029285,
          0.52831733,
          0.8483242,
          0,
          -0.059864312,
          0.8101636,
          1.646736,
          1
        ]
      },
      {
        "date" : 764461464.455613,
        "title" : "Untitled",
        "transform" : [
          0.030406736,
          -1.3468164e-06,
          -0.9995376,
          0,
          -0.29048625,
          0.95683837,
          -0.0088380575,
          0,
          0.9563959,
          0.2906208,
          0.029093811,
          0,
          1.6455494,
          0.37661412,
          0.04192778,
          1
        ]
      },
      {
        "date" : 764460920.155116,
        "title" : "Untitled",
        "transform" : [
          0.011721389,
          -1.347095e-06,
          -0.9999313,
          0,
          -0.39742923,
          0.91762096,
          -0.004659922,
          0,
          0.9175579,
          0.39745668,
          0.010755125,
          0,
          1.5925977,
          0.56120425,
          0.010540538,
          1
        ]
      },
      {
        "date" : 764390059.776813,
        "title" : "Untitled",
        "transform" : [
          -0.016932223,
          -1.3505527e-06,
          -0.9998566,
          0,
          -0.59304035,
          0.8051101,
          0.010041904,
          0,
          0.80499446,
          0.5931254,
          -0.01363323,
          0,
          1.4258419,
          0.9040809,
          -0.032275405,
          1
        ]
      },
      {
        "date" : 764389953.791428,
        "title" : "Untitled",
        "transform" : [
          0.5088994,
          -1.3511578e-06,
          -0.86082596,
          0,
          -0.22307009,
          0.96584094,
          -0.13187507,
          0,
          0.83142114,
          0.25913575,
          0.49151543,
          0,
          1.4309655,
          0.32251605,
          0.8365108,
          1
        ]
      },
      {
        "date" : 764368679.919705,
        "title" : "Untitled",
        "transform" : [
          0.9779041,
          -1.3715918e-06,
          0.20905364,
          0,
          0.17157282,
          0.571347,
          -0.80257404,
          0,
          -0.11944099,
          0.8207086,
          0.5587228,
          0,
          -0.21349674,
          1.3150266,
          1.037571,
          1
        ]
      },
      {
        "date" : 764322173.422225,
        "title" : "Untitled",
        "transform" : [
          -0.033786424,
          -1.3773715e-06,
          0.99942905,
          0,
          0.16743879,
          0.9858661,
          0.0056617106,
          0,
          -0.98530334,
          0.16753459,
          -0.03330859,
          0,
          -1.6797485,
          0.16585328,
          -0.048653424,
          1
        ]
      },
      {
        "date" : 764321950.894056,
        "title" : "Untitled",
        "transform" : [
          -0.010306701,
          -1.3772863e-06,
          0.9999469,
          0,
          0.22973716,
          0.9732498,
          0.0023692627,
          0,
          -0.9731981,
          0.22974946,
          -0.010030614,
          0,
          -1.6665195,
          0.27214128,
          -0.009049624,
          1
        ]
      },
      {
        "date" : 764321831.535041,
        "title" : "Untitled",
        "transform" : [
          0.9868694,
          -1.3771548e-06,
          0.1615204,
          0,
          0.060126457,
          0.92813444,
          -0.3673574,
          0,
          -0.14991206,
          0.37224546,
          0.91594744,
          0,
          -0.25159842,
          0.51749593,
          1.5875535,
          1
        ]
      }
    ],
    "4D828FA9-98CC-4053-B6B2-1164F031D690" : [
      {
        "date" : 768697238.755536,
        "title" : "Untitled",
        "transform" : [
          1,
          0,
          0,
          0,
          0,
          0.7071069,
          -0.70710677,
          0,
          0,
          0.70710677,
          0.7071069,
          0,
          0,
          47.38534,
          47.38535,
          1
        ]
      }
    ],
    "A1E16DC1-8325-41D3-B33F-B916C8AC7621" : [
      {
        "date" : 764390066.675901,
        "title" : "Untitled",
        "transform" : [
          -0.06716512,
          -2.739831e-09,
          -0.9977419,
          0,
          -0.07474774,
          0.99718964,
          0.0050318013,
          0,
          0.9949379,
          0.07491687,
          -0.066976346,
          0,
          0.5530156,
          0.101651445,
          0.029647008,
          1
        ]
      },
      {
        "date" : 764389963.060931,
        "title" : "Untitled",
        "transform" : [
          0.0901959,
          -1.6331948e-09,
          -0.99592406,
          0,
          -0.44291222,
          0.89566714,
          -0.040112365,
          0,
          0.8920165,
          0.44472486,
          0.08078552,
          0,
          0.46315196,
          0.3010983,
          0.108941875,
          1
        ]
      },
      {
        "date" : 764322154.692324,
        "title" : "Untitled",
        "transform" : [
          0.011374067,
          1.6887874e-10,
          -0.9999353,
          0,
          -0.1493274,
          0.98878634,
          -0.0016985689,
          0,
          0.9887224,
          0.14933701,
          0.011246521,
          0,
          0.53983223,
          0.14251187,
          0.07286822,
          1
        ]
      },
      {
        "date" : 764322091.653983,
        "title" : "Untitled",
        "transform" : [
          0.011374067,
          1.6887874e-10,
          -0.9999353,
          0,
          -0.14932741,
          0.98878646,
          -0.0016985692,
          0,
          0.9887225,
          0.14933702,
          0.011246522,
          0,
          2.557133,
          0.38623044,
          0.029086879,
          1
        ]
      }
    ]
  },
  "sceneViewportBackgroundColors" : {

  },
  "selectedSceneRelativePath" : "TankBattleground.usda"
}