{
  "advancedEditorSelectedIdentifier" : "ProjectBrowser",
  "openSceneRelativePaths" : [
    "TankBattleground.usda",
    "Tank\/Tank.usda"
  ],
  "recentIdentifiers" : {
    "06276977-73FC-4769-AEE5-FF7F7EE44DA9" : [

    ],
    "4AFAB56E-38D4-4E2B-A791-05DBDD13D5EB" : [

    ],
    "4DA1F27D-3DDE-4C5E-A470-E549F1A1E851" : [

    ],
    "C6A7F375-BFE9-46E0-9EA6-1A6B150F43FD" : [

    ]
  },
  "sceneCameraHistory" : {
    "4AFAB56E-38D4-4E2B-A791-05DBDD13D5EB" : [
      {
        "date" : 763201026.231414,
        "title" : "Untitled",
        "transform" : [
          0.99911994,
          -4.1061154e-10,
          0.041943625,
          0,
          0.007125491,
          0.98546433,
          -0.16973306,
          0,
          -0.041333944,
          0.16988255,
          0.984597,
          0,
          -0.0032007387,
          0.66967297,
          2.2753127,
          1
        ]
      },
      {
        "date" : 763201016.986053,
        "title" : "Untitled",
        "transform" : [
          0.85813147,
          -1.3141818e-08,
          0.51342994,
          0,
          -0.12520918,
          0.96980846,
          0.20927092,
          0,
          -0.49792862,
          -0.24386808,
          0.8322231,
          0,
          -0.5660359,
          0.61827224,
          3.4044619,
          1
        ]
      },
      {
        "date" : 763200997.812615,
        "title" : "Untitled",
        "transform" : [
          0.92923146,
          -1.0793228e-08,
          -0.3694982,
          0,
          -0.09762117,
          0.96446806,
          -0.24550237,
          0,
          0.3563692,
          0.26419938,
          0.89621407,
          0,
          1.345909,
          0.90291595,
          0.726248,
          1
        ]
      },
      {
        "date" : 763200563.933989,
        "title" : "Untitled",
        "transform" : [
          0.92923146,
          -1.0793228e-08,
          -0.3694982,
          0,
          -0.09762117,
          0.96446806,
          -0.24550237,
          0,
          0.3563692,
          0.26419938,
          0.89621407,
          0,
          0.20865276,
          0.13997671,
          0.112588346,
          1
        ]
      },
      {
        "date" : 763200506.060796,
        "title" : "Untitled",
        "transform" : [
          0.92923146,
          -5.7365175e-09,
          -0.36949816,
          0,
          -0.09762116,
          0.96446806,
          -0.24550237,
          0,
          0.35636914,
          0.26419932,
          0.8962141,
          0,
          0.295811,
          0.25528267,
          0.56123894,
          1
        ]
      },
      {
        "date" : 763200410.967518,
        "title" : "Untitled",
        "transform" : [
          0.2334773,
          -3.1722767e-09,
          -0.9723623,
          0,
          -0.43633258,
          0.8936651,
          -0.10476935,
          0,
          0.8689662,
          0.44873458,
          0.20865051,
          0,
          0.57790637,
          0.37534586,
          0.069344416,
          1
        ]
      },
      {
        "date" : 763200399.036468,
        "title" : "Untitled",
        "transform" : [
          1,
          0,
          -0,
          0,
          -0,
          0.7071069,
          -0.7071067,
          0,
          0,
          0.7071067,
          0.7071069,
          0,
          0.067500114,
          0.54832745,
          0.49360132,
          1
        ]
      },
      {
        "date" : 763191590.973299,
        "title" : "Untitled",
        "transform" : [
          1,
          0,
          0,
          0,
          0,
          0.7071069,
          -0.70710677,
          0,
          0,
          0.70710677,
          0.7071069,
          0,
          0,
          -2.2485433,
          -7.0568886,
          1
        ]
      }
    ],
    "4DA1F27D-3DDE-4C5E-A470-E549F1A1E851" : [
      {
        "date" : 763178920.355088,
        "title" : "Untitled",
        "transform" : [
          -0.026998978,
          4.3713966e-10,
          0.99963546,
          0,
          0.4979232,
          0.8671169,
          0.013448319,
          0,
          -0.8668007,
          0.49810472,
          -0.023411268,
          0,
          -4.7918205,
          0.70431006,
          -2.6544063,
          1
        ]
      },
      {
        "date" : 763178875.921086,
        "title" : "Untitled",
        "transform" : [
          -0.026998978,
          4.3713966e-10,
          0.99963546,
          0,
          0.4979232,
          0.8671169,
          0.013448319,
          0,
          -0.86680084,
          0.49810478,
          -0.02341127,
          0,
          -4.5345883,
          0.66650164,
          -2.5119138,
          1
        ]
      }
    ],
    "C6A7F375-BFE9-46E0-9EA6-1A6B150F43FD" : [
      {
        "date" : 763200371.510178,
        "title" : "Untitled",
        "transform" : [
          -0.7796242,
          5.5509917e-09,
          -0.62624764,
          0,
          -0.19649288,
          0.94950163,
          0.2446166,
          0,
          0.5946231,
          0.31376222,
          -0.7402544,
          0,
          1.1555762,
          -1.2109654,
          -9.343897,
          1
        ]
      },
      {
        "date" : 763191508.514744,
        "title" : "Untitled",
        "transform" : [
          -0.7796242,
          5.5509917e-09,
          -0.62624764,
          0,
          -0.19649288,
          0.94950163,
          0.2446166,
          0,
          0.5946231,
          0.31376222,
          -0.7402544,
          0,
          0.6483421,
          -2.536942,
          -8.712421,
          1
        ]
      },
      {
        "date" : 763191428.042719,
        "title" : "Untitled",
        "transform" : [
          0.6861052,
          5.6779372e-09,
          -0.7275024,
          0,
          -0.24123792,
          0.9434209,
          -0.22751077,
          0,
          0.686341,
          0.33159754,
          0.647286,
          0,
          0.46673003,
          -2.5216486,
          -7.5046678,
          1
        ]
      },
      {
        "date" : 763191329.119952,
        "title" : "Untitled",
        "transform" : [
          0.9999928,
          -6.2104424e-09,
          0.003806847,
          0,
          0.0024179553,
          0.7723823,
          -0.63515323,
          0,
          -0.0029403404,
          0.6351579,
          0.7723767,
          0,
          -0.042189326,
          -2.305696,
          -7.458932,
          1
        ]
      },
      {
        "date" : 763182701.9729,
        "title" : "Untitled",
        "transform" : [
          0.99999267,
          -6.2104415e-09,
          0.0038068464,
          0,
          0.0024179553,
          0.7723823,
          -0.63515323,
          0,
          -0.0029403404,
          0.6351579,
          0.7723767,
          0,
          -0.08273636,
          4.7052207,
          3.192071,
          1
        ]
      },
      {
        "date" : 763182687.817704,
        "title" : "Untitled",
        "transform" : [
          0.9978732,
          -6.1430483e-09,
          -0.06518443,
          0,
          -0.029109972,
          0.89474434,
          -0.4456289,
          0,
          0.058323406,
          0.44657874,
          0.89284146,
          0,
          0.78327817,
          2.010456,
          4.6064086,
          1
        ]
      },
      {
        "date" : 763182643.234477,
        "title" : "Untitled",
        "transform" : [
          0.9978732,
          -6.1430483e-09,
          -0.06518443,
          0,
          -0.029109972,
          0.89474434,
          -0.4456289,
          0,
          0.058323406,
          0.44657874,
          0.89284146,
          0,
          3.7303965,
          20.862514,
          52.038574,
          1
        ]
      },
      {
        "date" : 763182640.201754,
        "title" : "Untitled",
        "transform" : [
          0.9978732,
          -6.1430483e-09,
          -0.06518443,
          0,
          -0.029109972,
          0.89474434,
          -0.4456289,
          0,
          0.058323406,
          0.44657874,
          0.89284146,
          0,
          10.69412,
          65.407906,
          164.11569,
          1
        ]
      },
      {
        "date" : 763182636.618306,
        "title" : "Untitled",
        "transform" : [
          0.9978732,
          -6.1430483e-09,
          -0.06518443,
          0,
          -0.029109972,
          0.89474434,
          -0.4456289,
          0,
          0.058323406,
          0.44657874,
          0.89284146,
          0,
          0.7993894,
          2.1135168,
          4.865709,
          1
        ]
      },
      {
        "date" : 763182601.573597,
        "title" : "Untitled",
        "transform" : [
          0.9977368,
          -6.1430483e-09,
          -0.06723984,
          0,
          -0.030027878,
          0.89474434,
          -0.44556803,
          0,
          0.06016248,
          0.44657874,
          0.89271945,
          0,
          0.43801376,
          -0.2880288,
          -1.1775147,
          1
        ]
      }
    ]
  },
  "sceneViewportBackgroundColors" : {

  },
  "selectedSceneRelativePath" : "TankBattleground.usda"
}