{
  "advancedEditorSelectedIdentifier" : "ProjectBrowser",
  "openSceneRelativePaths" : [
    "TankBattleground.usda"
  ],
  "recentIdentifiers" : {
    "06276977-73FC-4769-AEE5-FF7F7EE44DA9" : [

    ],
    "1F3CE647-37F1-4E64-A2A2-854FEF6792EE" : [

    ],
    "4AFAB56E-38D4-4E2B-A791-05DBDD13D5EB" : [

    ],
    "4DA1F27D-3DDE-4C5E-A470-E549F1A1E851" : [

    ],
    "520FD1A3-C759-49FA-9060-810855911CE7" : [

    ],
    "C6A7F375-BFE9-46E0-9EA6-1A6B150F43FD" : [

    ]
  },
  "sceneCameraHistory" : {
    "1F3CE647-37F1-4E64-A2A2-854FEF6792EE" : [
      {
        "date" : 763770514.465252,
        "title" : "Untitled",
        "transform" : [
          0.8058651,
          4.3858606e-09,
          0.59209925,
          0,
          0.30654585,
          0.8555457,
          -0.41721833,
          0,
          -0.5065683,
          0.517727,
          0.6894543,
          0,
          -1.7304736,
          0.002797842,
          -5.6974535,
          1
        ]
      },
      {
        "date" : 763747389.798067,
        "title" : "Untitled",
        "transform" : [
          0.4632812,
          4.4253454e-09,
          0.8862114,
          0,
          0.47003198,
          0.84775776,
          -0.24571683,
          0,
          -0.7512928,
          0.53038347,
          0.3927499,
          0,
          -2.5336342,
          0.045321226,
          -6.7107,
          1
        ]
      },
      {
        "date" : 763747349.992054,
        "title" : "Untitled",
        "transform" : [
          -0.6913251,
          2.9521763e-09,
          0.7225439,
          0,
          0.2924692,
          0.9144154,
          0.27983248,
          0,
          -0.6607051,
          0.40477684,
          -0.63215876,
          0,
          -2.2519631,
          -0.3815856,
          -10.197834,
          1
        ]
      },
      {
        "date" : 763706807.579879,
        "title" : "Untitled",
        "transform" : [
          -0.99996495,
          3.760765e-09,
          -0.008378484,
          0,
          -0.002152254,
          0.96644264,
          0.25687343,
          0,
          0.008097741,
          0.25688225,
          -0.96640885,
          0,
          0.059743136,
          -0.8969588,
          -11.40735,
          1
        ]
      },
      {
        "date" : 763706805.513085,
        "title" : "Untitled",
        "transform" : [
          -0.9997909,
          3.756225e-09,
          -0.020448409,
          0,
          -0.005134715,
          0.96795917,
          0.2510549,
          0,
          0.019793637,
          0.25110725,
          -0.96775687,
          0,
          0.10103831,
          -0.91733074,
          -11.414695,
          1
        ]
      },
      {
        "date" : 763706736.779359,
        "title" : "Untitled",
        "transform" : [
          -0.05277973,
          3.7483554e-09,
          0.9986062,
          0,
          0.23793599,
          0.9711994,
          0.012575693,
          0,
          -0.9698459,
          0.23826794,
          -0.051260065,
          0,
          -3.4276235,
          -0.9626858,
          -8.212398,
          1
        ]
      },
      {
        "date" : 763706706.995133,
        "title" : "Untitled",
        "transform" : [
          -0.8033385,
          4.043997e-09,
          0.5955226,
          0,
          0.18132485,
          0.95251864,
          0.24460067,
          0,
          -0.567246,
          0.30448005,
          -0.7651952,
          0,
          -1.9604026,
          -0.729738,
          -10.696891,
          1
        ]
      },
      {
        "date" : 763706703.261072,
        "title" : "Untitled",
        "transform" : [
          0.393623,
          2.418624e-08,
          0.919272,
          0,
          0.26475552,
          0.9576287,
          -0.1133657,
          0,
          -0.88032126,
          0.28800553,
          0.37694433,
          0,
          -3.1015544,
          -0.787477,
          -6.705877,
          1
        ]
      },
      {
        "date" : 763706696.111731,
        "title" : "Untitled",
        "transform" : [
          0.61203265,
          2.0207835e-08,
          0.7908325,
          0,
          0.43359962,
          0.8362932,
          -0.33556682,
          0,
          -0.66136813,
          0.5482824,
          0.51183844,
          0,
          -2.227215,
          0.105210066,
          -6.3157797,
          1
        ]
      },
      {
        "date" : 763706693.828797,
        "title" : "Untitled",
        "transform" : [
          0.995935,
          9.151472e-09,
          0.090075605,
          0,
          0.0014004005,
          0.9998792,
          -0.015483533,
          0,
          -0.09006504,
          0.01554669,
          0.99581444,
          0,
          -0.35946956,
          -1.7626806,
          -4.371751,
          1
        ]
      }
    ],
    "4AFAB56E-38D4-4E2B-A791-05DBDD13D5EB" : [
      {
        "date" : 763698541.140029,
        "title" : "Untitled",
        "transform" : [
          0.95612216,
          -5.5800253e-09,
          0.292968,
          0,
          0.082347915,
          0.9596839,
          -0.2687483,
          0,
          -0.28115672,
          0.2810814,
          0.9175751,
          0,
          -0.5646273,
          0.33548284,
          0.44920364,
          1
        ]
      },
      {
        "date" : 763698539.356613,
        "title" : "Untitled",
        "transform" : [
          0.9736245,
          -4.98391e-09,
          -0.22815624,
          0,
          -0.0445387,
          0.9807612,
          -0.19006267,
          0,
          0.22376679,
          0.19521122,
          0.9548933,
          0,
          -0.31653437,
          0.29327217,
          0.47079912,
          1
        ]
      },
      {
        "date" : 763696433.905191,
        "title" : "Untitled",
        "transform" : [
          0.0052069407,
          -5.774074e-09,
          0.9999864,
          0,
          0.44931886,
          0.8933684,
          -0.0023396045,
          0,
          -0.8933564,
          0.44932482,
          0.004651712,
          0,
          -0.85977715,
          0.41825056,
          -0.004389332,
          1
        ]
      },
      {
        "date" : 763696354.804863,
        "title" : "Untitled",
        "transform" : [
          0.01380231,
          -5.802676e-09,
          0.9999047,
          0,
          0.3999731,
          0.9165103,
          -0.0055210744,
          0,
          -0.9164231,
          0.40001106,
          0.012649955,
          0,
          -0.870391,
          0.37111068,
          0.003147625,
          1
        ]
      },
      {
        "date" : 763693477.090207,
        "title" : "Untitled",
        "transform" : [
          0.008657416,
          -2.073267e-09,
          0.9999625,
          0,
          0.43882072,
          0.8985667,
          -0.003799194,
          0,
          -0.89853305,
          0.438837,
          0.0077792667,
          0,
          -0.8622827,
          0.4081721,
          -0.0014009991,
          1
        ]
      },
      {
        "date" : 763693325.833585,
        "title" : "Untitled",
        "transform" : [
          -0.011466871,
          -2.0902973e-09,
          0.9999342,
          0,
          0.49221113,
          0.87045765,
          0.005644495,
          0,
          -0.8704004,
          0.49224332,
          -0.009981426,
          0,
          -0.84795266,
          0.45980704,
          -0.018590674,
          1
        ]
      },
      {
        "date" : 763693263.867474,
        "title" : "Untitled",
        "transform" : [
          0.99969596,
          -2.1881514e-09,
          0.024660693,
          0,
          0.017985607,
          0.6841698,
          -0.729101,
          0,
          -0.016872102,
          0.72932273,
          0.68396187,
          0,
          -0.026917962,
          0.7007907,
          0.7316783,
          1
        ]
      },
      {
        "date" : 763619388.440131,
        "title" : "Untitled",
        "transform" : [
          0.999667,
          -1.6727195e-09,
          -0.025806624,
          0,
          -0.014672597,
          0.82264227,
          -0.56837004,
          0,
          0.021229621,
          0.56855935,
          0.8223683,
          0,
          0.012331769,
          0.53505504,
          0.8212521,
          1
        ]
      },
      {
        "date" : 763619385.888063,
        "title" : "Untitled",
        "transform" : [
          0.9996669,
          -2.2647577e-09,
          -0.025806624,
          0,
          -0.014672587,
          0.82264227,
          -0.56837004,
          0,
          0.021229595,
          0.56855935,
          0.8223682,
          0,
          0.16697836,
          2.3352377,
          2.8940566,
          1
        ]
      },
      {
        "date" : 763619376.509103,
        "title" : "Untitled",
        "transform" : [
          0.99779147,
          -1.9053665e-09,
          0.06642333,
          0,
          0.0157922,
          0.97132623,
          -0.23722555,
          0,
          -0.06451875,
          0.2377506,
          0.96918106,
          0,
          -0.14308903,
          1.1482228,
          3.538063,
          1
        ]
      }
    ],
    "4DA1F27D-3DDE-4C5E-A470-E549F1A1E851" : [
      {
        "date" : 763178920.355088,
        "title" : "Untitled",
        "transform" : [
          -0.026998978,
          4.3713966e-10,
          0.99963546,
          0,
          0.4979232,
          0.8671169,
          0.013448319,
          0,
          -0.8668007,
          0.49810472,
          -0.023411268,
          0,
          -4.7918205,
          0.70431006,
          -2.6544063,
          1
        ]
      },
      {
        "date" : 763178875.921086,
        "title" : "Untitled",
        "transform" : [
          -0.026998978,
          4.3713966e-10,
          0.99963546,
          0,
          0.4979232,
          0.8671169,
          0.013448319,
          0,
          -0.86680084,
          0.49810478,
          -0.02341127,
          0,
          -4.5345883,
          0.66650164,
          -2.5119138,
          1
        ]
      }
    ],
    "520FD1A3-C759-49FA-9060-810855911CE7" : [
      {
        "date" : 763705401.791315,
        "title" : "Untitled",
        "transform" : [
          -0.0020628762,
          6.151315e-09,
          -0.99999785,
          0,
          -0.23863909,
          0.97110814,
          0.00049227313,
          0,
          0.9711061,
          0.23863946,
          -0.0020032048,
          0,
          0.97761434,
          0.38096,
          -0.0020166903,
          1
        ]
      },
      {
        "date" : 763699863.701638,
        "title" : "Untitled",
        "transform" : [
          0.99969333,
          6.18492e-09,
          0.024767455,
          0,
          0.013105833,
          0.84852517,
          -0.5289927,
          0,
          -0.021015879,
          0.5291551,
          0.84826493,
          0,
          -0.020071426,
          0.6664269,
          0.81014615,
          1
        ]
      },
      {
        "date" : 763697247.193029,
        "title" : "Untitled",
        "transform" : [
          0.99992675,
          5.7400147e-09,
          0.012104896,
          0,
          -0.00054033456,
          0.9990032,
          0.044635244,
          0,
          -0.012092897,
          -0.044638567,
          0.99893004,
          0,
          -0.012653822,
          0.09008259,
          1.04527,
          1
        ]
      },
      {
        "date" : 763697242.660093,
        "title" : "Untitled",
        "transform" : [
          -0.013438614,
          5.778316e-09,
          -0.9999097,
          0,
          -0.24682932,
          0.96905327,
          0.0033173335,
          0,
          0.96896577,
          0.24685155,
          -0.013022663,
          0,
          0.9742684,
          0.38922212,
          -0.013093985,
          1
        ]
      },
      {
        "date" : 763696978.654018,
        "title" : "Untitled",
        "transform" : [
          0.052454863,
          4.6511572e-09,
          -0.99862325,
          0,
          -0.16011928,
          0.9870618,
          -0.008410625,
          0,
          0.98570293,
          0.16033997,
          0.051776264,
          0,
          0.98489815,
          0.4165412,
          0.05173391,
          1
        ]
      },
      {
        "date" : 763696897.725237,
        "title" : "Untitled",
        "transform" : [
          0.99985766,
          4.72209e-09,
          0.01686859,
          0,
          -6.5603176e-06,
          0.9999999,
          0.00038953597,
          0,
          -0.016868655,
          -0.00038966394,
          0.99985754,
          0,
          -0.017549774,
          0.2526103,
          1.0402343,
          1
        ]
      },
      {
        "date" : 763696886.270435,
        "title" : "Untitled",
        "transform" : [
          0.07380806,
          4.733743e-09,
          -0.99727255,
          0,
          -0.057061497,
          0.9983617,
          -0.0042231283,
          0,
          0.9956386,
          0.057217482,
          0.073687196,
          0,
          1.0213095,
          0.3121236,
          0.07558702,
          1
        ]
      },
      {
        "date" : 763696877.235752,
        "title" : "Untitled",
        "transform" : [
          0.9994032,
          3.8579966e-09,
          -0.034545846,
          0,
          0.0068012457,
          0.98042846,
          0.19675802,
          0,
          0.03386967,
          -0.19687562,
          0.97984326,
          0,
          0.04096373,
          0.2340642,
          1.18507,
          1
        ]
      },
      {
        "date" : 763696875.387577,
        "title" : "Untitled",
        "transform" : [
          0.99998945,
          4.261649e-09,
          0.004611489,
          0,
          -0.0017796985,
          0.92252797,
          0.38592607,
          0,
          -0.0042542894,
          -0.38593024,
          0.9225182,
          0,
          -0.005573652,
          -0.0038172868,
          1.2086395,
          1
        ]
      },
      {
        "date" : 763696873.153823,
        "title" : "Untitled",
        "transform" : [
          0.99998945,
          4.261649e-09,
          0.004611489,
          0,
          -0.0017796985,
          0.92252797,
          0.38592607,
          0,
          -0.0042542894,
          -0.38593024,
          0.9225182,
          0,
          -0.002931275,
          -0.0020075736,
          0.6356433,
          1
        ]
      }
    ],
    "C6A7F375-BFE9-46E0-9EA6-1A6B150F43FD" : [
      {
        "date" : 763262232.994408,
        "title" : "Untitled",
        "transform" : [
          -0.7796242,
          5.5509917e-09,
          -0.62624764,
          0,
          -0.19649288,
          0.94950163,
          0.2446166,
          0,
          0.5946231,
          0.31376222,
          -0.7402544,
          0,
          5.7662725,
          1.9372486,
          -14.7059765,
          1
        ]
      },
      {
        "date" : 763200371.510178,
        "title" : "Untitled",
        "transform" : [
          -0.7796242,
          5.5509917e-09,
          -0.62624764,
          0,
          -0.19649288,
          0.94950163,
          0.2446166,
          0,
          0.5946231,
          0.31376222,
          -0.7402544,
          0,
          1.1555762,
          -1.2109654,
          -9.343897,
          1
        ]
      },
      {
        "date" : 763191508.514744,
        "title" : "Untitled",
        "transform" : [
          -0.7796242,
          5.5509917e-09,
          -0.62624764,
          0,
          -0.19649288,
          0.94950163,
          0.2446166,
          0,
          0.5946231,
          0.31376222,
          -0.7402544,
          0,
          0.6483421,
          -2.536942,
          -8.712421,
          1
        ]
      },
      {
        "date" : 763191428.042719,
        "title" : "Untitled",
        "transform" : [
          0.6861052,
          5.6779372e-09,
          -0.7275024,
          0,
          -0.24123792,
          0.9434209,
          -0.22751077,
          0,
          0.686341,
          0.33159754,
          0.647286,
          0,
          0.46673003,
          -2.5216486,
          -7.5046678,
          1
        ]
      },
      {
        "date" : 763191329.119952,
        "title" : "Untitled",
        "transform" : [
          0.9999928,
          -6.2104424e-09,
          0.003806847,
          0,
          0.0024179553,
          0.7723823,
          -0.63515323,
          0,
          -0.0029403404,
          0.6351579,
          0.7723767,
          0,
          -0.042189326,
          -2.305696,
          -7.458932,
          1
        ]
      },
      {
        "date" : 763182701.9729,
        "title" : "Untitled",
        "transform" : [
          0.99999267,
          -6.2104415e-09,
          0.0038068464,
          0,
          0.0024179553,
          0.7723823,
          -0.63515323,
          0,
          -0.0029403404,
          0.6351579,
          0.7723767,
          0,
          -0.08273636,
          4.7052207,
          3.192071,
          1
        ]
      },
      {
        "date" : 763182687.817704,
        "title" : "Untitled",
        "transform" : [
          0.9978732,
          -6.1430483e-09,
          -0.06518443,
          0,
          -0.029109972,
          0.89474434,
          -0.4456289,
          0,
          0.058323406,
          0.44657874,
          0.89284146,
          0,
          0.78327817,
          2.010456,
          4.6064086,
          1
        ]
      },
      {
        "date" : 763182643.234477,
        "title" : "Untitled",
        "transform" : [
          0.9978732,
          -6.1430483e-09,
          -0.06518443,
          0,
          -0.029109972,
          0.89474434,
          -0.4456289,
          0,
          0.058323406,
          0.44657874,
          0.89284146,
          0,
          3.7303965,
          20.862514,
          52.038574,
          1
        ]
      },
      {
        "date" : 763182640.201754,
        "title" : "Untitled",
        "transform" : [
          0.9978732,
          -6.1430483e-09,
          -0.06518443,
          0,
          -0.029109972,
          0.89474434,
          -0.4456289,
          0,
          0.058323406,
          0.44657874,
          0.89284146,
          0,
          10.69412,
          65.407906,
          164.11569,
          1
        ]
      },
      {
        "date" : 763182636.618306,
        "title" : "Untitled",
        "transform" : [
          0.9978732,
          -6.1430483e-09,
          -0.06518443,
          0,
          -0.029109972,
          0.89474434,
          -0.4456289,
          0,
          0.058323406,
          0.44657874,
          0.89284146,
          0,
          0.7993894,
          2.1135168,
          4.865709,
          1
        ]
      }
    ]
  },
  "sceneViewportBackgroundColors" : {

  },
  "selectedSceneRelativePath" : "TankBattleground.usda"
}