{
  "advancedEditorSelectedIdentifier" : "ProjectBrowser",
  "openSceneRelativePaths" : [
    "Immersive.usda"
  ],
  "recentIdentifiers" : {
    "4DA1F27D-3DDE-4C5E-A470-E549F1A1E851" : [

    ],
    "C6A7F375-BFE9-46E0-9EA6-1A6B150F43FD" : [

    ]
  },
  "sceneCameraHistory" : {
    "4DA1F27D-3DDE-4C5E-A470-E549F1A1E851" : [
      {
        "date" : 763178920.355088,
        "title" : "Untitled",
        "transform" : [
          -0.026998978,
          4.3713966e-10,
          0.99963546,
          0,
          0.4979232,
          0.8671169,
          0.013448319,
          0,
          -0.8668007,
          0.49810472,
          -0.023411268,
          0,
          -4.7918205,
          0.70431006,
          -2.6544063,
          1
        ]
      },
      {
        "date" : 763178875.921086,
        "title" : "Untitled",
        "transform" : [
          -0.026998978,
          4.3713966e-10,
          0.99963546,
          0,
          0.4979232,
          0.8671169,
          0.013448319,
          0,
          -0.86680084,
          0.49810478,
          -0.02341127,
          0,
          -4.5345883,
          0.66650164,
          -2.5119138,
          1
        ]
      }
    ],
    "C6A7F375-BFE9-46E0-9EA6-1A6B150F43FD" : [
      {
        "date" : 763180387.223167,
        "title" : "Untitled",
        "transform" : [
          0.9977368,
          -2.702954e-10,
          -0.06723983,
          0,
          -0.030027857,
          0.89474434,
          -0.44556794,
          0,
          0.060162492,
          0.44657862,
          0.8927194,
          0,
          -0.10560149,
          -0.36824244,
          -0.50332403,
          1
        ]
      },
      {
        "date" : 763180364.830776,
        "title" : "Untitled",
        "transform" : [
          0.9977368,
          -2.702954e-10,
          -0.06723983,
          0,
          -0.030027857,
          0.89474434,
          -0.44556794,
          0,
          0.060162492,
          0.44657862,
          0.8927194,
          0,
          0.5040595,
          -0.5032878,
          8.5431,
          1
        ]
      },
      {
        "date" : 763180356.811372,
        "title" : "Untitled",
        "transform" : [
          0.9977368,
          -2.702954e-10,
          -0.06723983,
          0,
          -0.030027857,
          0.89474434,
          -0.44556794,
          0,
          0.0601625,
          0.44657868,
          0.8927195,
          0,
          0.07535663,
          -2.2014925,
          -5.1015644,
          1
        ]
      },
      {
        "date" : 763180330.38729,
        "title" : "Untitled",
        "transform" : [
          0.99990404,
          -4.0177003e-10,
          -0.0138504915,
          0,
          -0.006846413,
          0.86928606,
          -0.4942619,
          0,
          0.012040076,
          0.49430937,
          0.86920273,
          0,
          -0.053133693,
          -2.0722513,
          -5.1206126,
          1
        ]
      },
      {
        "date" : 763180292.157116,
        "title" : "Untitled",
        "transform" : [
          0.99990404,
          -4.0177003e-10,
          -0.0138504915,
          0,
          -0.006846413,
          0.86928606,
          -0.4942619,
          0,
          0.012040076,
          0.49430937,
          0.86920273,
          0,
          -0.39371768,
          4.560288,
          2.8572989,
          1
        ]
      },
      {
        "date" : 763180252.673479,
        "title" : "Untitled",
        "transform" : [
          0.9999528,
          -3.990625e-10,
          0.009715266,
          0,
          0.004775648,
          0.87084377,
          -0.49153662,
          0,
          -0.0084604435,
          0.49155986,
          0.87080276,
          0,
          -0.6378858,
          4.527543,
          2.867404,
          1
        ]
      },
      {
        "date" : 763180248.639092,
        "title" : "Untitled",
        "transform" : [
          0.9976528,
          -4.851486e-10,
          -0.068474635,
          0,
          -0.021244887,
          0.9506519,
          -0.3095312,
          0,
          0.06509558,
          0.31025946,
          0.94842064,
          0,
          0.2553398,
          2.3449721,
          4.0644875,
          1
        ]
      },
      {
        "date" : 763180237.623143,
        "title" : "Untitled",
        "transform" : [
          0.99941826,
          -1.2541488e-09,
          -0.0341046,
          0,
          -0.01680179,
          0.8702246,
          -0.49236855,
          0,
          0.02967869,
          0.49265516,
          0.86971843,
          0,
          -0.18335217,
          4.5405893,
          2.8765516,
          1
        ]
      },
      {
        "date" : 763180219.467083,
        "title" : "Untitled",
        "transform" : [
          0.9995328,
          -1.4270496e-09,
          -0.030563021,
          0,
          -0.020842975,
          0.7313823,
          -0.681649,
          0,
          0.022353282,
          0.6819676,
          0.7310407,
          0,
          -0.22653316,
          5.0911565,
          1.7970014,
          1
        ]
      },
      {
        "date" : 763180211.868395,
        "title" : "Untitled",
        "transform" : [
          0.99999195,
          -1.2791831e-09,
          0.0040116915,
          0,
          0.002541956,
          0.77363336,
          -0.63362855,
          0,
          -0.0031035482,
          0.63363355,
          0.7736271,
          0,
          -0.4978499,
          4.575901,
          2.2555408,
          1
        ]
      }
    ]
  },
  "sceneViewportBackgroundColors" : {

  },
  "selectedSceneRelativePath" : "Immersive.usda"
}