{
  "advancedEditorSelectedIdentifier" : "ProjectBrowser",
  "openSceneRelativePaths" : [
    "Immersive.usda",
    "Ground\/Ground.usda"
  ],
  "recentIdentifiers" : {
    "06276977-73FC-4769-AEE5-FF7F7EE44DA9" : [

    ],
    "4DA1F27D-3DDE-4C5E-A470-E549F1A1E851" : [

    ],
    "C6A7F375-BFE9-46E0-9EA6-1A6B150F43FD" : [

    ]
  },
  "sceneCameraHistory" : {
    "4DA1F27D-3DDE-4C5E-A470-E549F1A1E851" : [
      {
        "date" : 763178920.355088,
        "title" : "Untitled",
        "transform" : [
          -0.026998978,
          4.3713966e-10,
          0.99963546,
          0,
          0.4979232,
          0.8671169,
          0.013448319,
          0,
          -0.8668007,
          0.49810472,
          -0.023411268,
          0,
          -4.7918205,
          0.70431006,
          -2.6544063,
          1
        ]
      },
      {
        "date" : 763178875.921086,
        "title" : "Untitled",
        "transform" : [
          -0.026998978,
          4.3713966e-10,
          0.99963546,
          0,
          0.4979232,
          0.8671169,
          0.013448319,
          0,
          -0.86680084,
          0.49810478,
          -0.02341127,
          0,
          -4.5345883,
          0.66650164,
          -2.5119138,
          1
        ]
      }
    ],
    "C6A7F375-BFE9-46E0-9EA6-1A6B150F43FD" : [
      {
        "date" : 763182701.9729,
        "title" : "Untitled",
        "transform" : [
          0.99999267,
          -6.2104415e-09,
          0.0038068464,
          0,
          0.0024179553,
          0.7723823,
          -0.63515323,
          0,
          -0.0029403404,
          0.6351579,
          0.7723767,
          0,
          -0.08273636,
          4.7052207,
          3.192071,
          1
        ]
      },
      {
        "date" : 763182687.817704,
        "title" : "Untitled",
        "transform" : [
          0.9978732,
          -6.1430483e-09,
          -0.06518443,
          0,
          -0.029109972,
          0.89474434,
          -0.4456289,
          0,
          0.058323406,
          0.44657874,
          0.89284146,
          0,
          0.78327817,
          2.010456,
          4.6064086,
          1
        ]
      },
      {
        "date" : 763182643.234477,
        "title" : "Untitled",
        "transform" : [
          0.9978732,
          -6.1430483e-09,
          -0.06518443,
          0,
          -0.029109972,
          0.89474434,
          -0.4456289,
          0,
          0.058323406,
          0.44657874,
          0.89284146,
          0,
          3.7303965,
          20.862514,
          52.038574,
          1
        ]
      },
      {
        "date" : 763182640.201754,
        "title" : "Untitled",
        "transform" : [
          0.9978732,
          -6.1430483e-09,
          -0.06518443,
          0,
          -0.029109972,
          0.89474434,
          -0.4456289,
          0,
          0.058323406,
          0.44657874,
          0.89284146,
          0,
          10.69412,
          65.407906,
          164.11569,
          1
        ]
      },
      {
        "date" : 763182636.618306,
        "title" : "Untitled",
        "transform" : [
          0.9978732,
          -6.1430483e-09,
          -0.06518443,
          0,
          -0.029109972,
          0.89474434,
          -0.4456289,
          0,
          0.058323406,
          0.44657874,
          0.89284146,
          0,
          0.7993894,
          2.1135168,
          4.865709,
          1
        ]
      },
      {
        "date" : 763182601.573597,
        "title" : "Untitled",
        "transform" : [
          0.9977368,
          -6.1430483e-09,
          -0.06723984,
          0,
          -0.030027878,
          0.89474434,
          -0.44556803,
          0,
          0.06016248,
          0.44657874,
          0.89271945,
          0,
          0.43801376,
          -0.2880288,
          -1.1775147,
          1
        ]
      },
      {
        "date" : 763182595.000918,
        "title" : "Untitled",
        "transform" : [
          0.9977368,
          -6.1430483e-09,
          -0.06723984,
          0,
          -0.030027878,
          0.89474434,
          -0.44556803,
          0,
          0.06016248,
          0.44657874,
          0.89271945,
          0,
          0.085139275,
          -2.4728584,
          -6.673874,
          1
        ]
      },
      {
        "date" : 763182584.363648,
        "title" : "Untitled",
        "transform" : [
          0.9977369,
          -4.390337e-09,
          -0.06723984,
          0,
          -0.030027874,
          0.89474434,
          -0.445568,
          0,
          0.060162473,
          0.4465787,
          0.89271945,
          0,
          8.513156,
          49.71417,
          124.611465,
          1
        ]
      },
      {
        "date" : 763182401.412505,
        "title" : "Untitled",
        "transform" : [
          0.9977369,
          -1.7063025e-09,
          -0.067239836,
          0,
          -0.030027872,
          0.89474434,
          -0.44556797,
          0,
          0.06016247,
          0.44657868,
          0.89271945,
          0,
          2.882358,
          7.6275554,
          37.779408,
          1
        ]
      },
      {
        "date" : 763180387.223167,
        "title" : "Untitled",
        "transform" : [
          0.9977368,
          -2.702954e-10,
          -0.06723983,
          0,
          -0.030027857,
          0.89474434,
          -0.44556794,
          0,
          0.060162492,
          0.44657862,
          0.8927194,
          0,
          -0.10560149,
          -0.36824244,
          -0.50332403,
          1
        ]
      }
    ]
  },
  "sceneViewportBackgroundColors" : {

  },
  "selectedSceneRelativePath" : "Immersive.usda"
}