{
  "advancedEditorSelectedIdentifier" : "ProjectBrowser",
  "openSceneRelativePaths" : [
    "Immersive.usda",
    "Ground\/Ground.usda"
  ],
  "recentIdentifiers" : {
    "06276977-73FC-4769-AEE5-FF7F7EE44DA9" : [

    ],
    "4DA1F27D-3DDE-4C5E-A470-E549F1A1E851" : [

    ],
    "C6A7F375-BFE9-46E0-9EA6-1A6B150F43FD" : [

    ]
  },
  "sceneCameraHistory" : {
    "4DA1F27D-3DDE-4C5E-A470-E549F1A1E851" : [
      {
        "date" : 763178920.355088,
        "title" : "Untitled",
        "transform" : [
          -0.026998978,
          4.3713966e-10,
          0.99963546,
          0,
          0.4979232,
          0.8671169,
          0.013448319,
          0,
          -0.8668007,
          0.49810472,
          -0.023411268,
          0,
          -4.7918205,
          0.70431006,
          -2.6544063,
          1
        ]
      },
      {
        "date" : 763178875.921086,
        "title" : "Untitled",
        "transform" : [
          -0.026998978,
          4.3713966e-10,
          0.99963546,
          0,
          0.4979232,
          0.8671169,
          0.013448319,
          0,
          -0.86680084,
          0.49810478,
          -0.02341127,
          0,
          -4.5345883,
          0.66650164,
          -2.5119138,
          1
        ]
      }
    ],
    "C6A7F375-BFE9-46E0-9EA6-1A6B150F43FD" : [
      {
        "date" : 763191508.514744,
        "title" : "Untitled",
        "transform" : [
          -0.7796242,
          5.5509917e-09,
          -0.62624764,
          0,
          -0.19649288,
          0.94950163,
          0.2446166,
          0,
          0.5946231,
          0.31376222,
          -0.7402544,
          0,
          0.6483421,
          -2.536942,
          -8.712421,
          1
        ]
      },
      {
        "date" : 763191428.042719,
        "title" : "Untitled",
        "transform" : [
          0.6861052,
          5.6779372e-09,
          -0.7275024,
          0,
          -0.24123792,
          0.9434209,
          -0.22751077,
          0,
          0.686341,
          0.33159754,
          0.647286,
          0,
          0.46673003,
          -2.5216486,
          -7.5046678,
          1
        ]
      },
      {
        "date" : 763191329.119952,
        "title" : "Untitled",
        "transform" : [
          0.9999928,
          -6.2104424e-09,
          0.003806847,
          0,
          0.0024179553,
          0.7723823,
          -0.63515323,
          0,
          -0.0029403404,
          0.6351579,
          0.7723767,
          0,
          -0.042189326,
          -2.305696,
          -7.458932,
          1
        ]
      },
      {
        "date" : 763182701.9729,
        "title" : "Untitled",
        "transform" : [
          0.99999267,
          -6.2104415e-09,
          0.0038068464,
          0,
          0.0024179553,
          0.7723823,
          -0.63515323,
          0,
          -0.0029403404,
          0.6351579,
          0.7723767,
          0,
          -0.08273636,
          4.7052207,
          3.192071,
          1
        ]
      },
      {
        "date" : 763182687.817704,
        "title" : "Untitled",
        "transform" : [
          0.9978732,
          -6.1430483e-09,
          -0.06518443,
          0,
          -0.029109972,
          0.89474434,
          -0.4456289,
          0,
          0.058323406,
          0.44657874,
          0.89284146,
          0,
          0.78327817,
          2.010456,
          4.6064086,
          1
        ]
      },
      {
        "date" : 763182643.234477,
        "title" : "Untitled",
        "transform" : [
          0.9978732,
          -6.1430483e-09,
          -0.06518443,
          0,
          -0.029109972,
          0.89474434,
          -0.4456289,
          0,
          0.058323406,
          0.44657874,
          0.89284146,
          0,
          3.7303965,
          20.862514,
          52.038574,
          1
        ]
      },
      {
        "date" : 763182640.201754,
        "title" : "Untitled",
        "transform" : [
          0.9978732,
          -6.1430483e-09,
          -0.06518443,
          0,
          -0.029109972,
          0.89474434,
          -0.4456289,
          0,
          0.058323406,
          0.44657874,
          0.89284146,
          0,
          10.69412,
          65.407906,
          164.11569,
          1
        ]
      },
      {
        "date" : 763182636.618306,
        "title" : "Untitled",
        "transform" : [
          0.9978732,
          -6.1430483e-09,
          -0.06518443,
          0,
          -0.029109972,
          0.89474434,
          -0.4456289,
          0,
          0.058323406,
          0.44657874,
          0.89284146,
          0,
          0.7993894,
          2.1135168,
          4.865709,
          1
        ]
      },
      {
        "date" : 763182601.573597,
        "title" : "Untitled",
        "transform" : [
          0.9977368,
          -6.1430483e-09,
          -0.06723984,
          0,
          -0.030027878,
          0.89474434,
          -0.44556803,
          0,
          0.06016248,
          0.44657874,
          0.89271945,
          0,
          0.43801376,
          -0.2880288,
          -1.1775147,
          1
        ]
      },
      {
        "date" : 763182595.000918,
        "title" : "Untitled",
        "transform" : [
          0.9977368,
          -6.1430483e-09,
          -0.06723984,
          0,
          -0.030027878,
          0.89474434,
          -0.44556803,
          0,
          0.06016248,
          0.44657874,
          0.89271945,
          0,
          0.085139275,
          -2.4728584,
          -6.673874,
          1
        ]
      }
    ]
  },
  "sceneViewportBackgroundColors" : {

  },
  "selectedSceneRelativePath" : "Immersive.usda"
}