{
  "advancedEditorSelectedIdentifier" : "ProjectBrowser",
  "openSceneRelativePaths" : [
    "TankBattleground.usda",
    "Tank\/Tank.usda"
  ],
  "recentIdentifiers" : {
    "06276977-73FC-4769-AEE5-FF7F7EE44DA9" : [

    ],
    "1F3CE647-37F1-4E64-A2A2-854FEF6792EE" : [

    ],
    "4AFAB56E-38D4-4E2B-A791-05DBDD13D5EB" : [

    ],
    "4DA1F27D-3DDE-4C5E-A470-E549F1A1E851" : [

    ],
    "C6A7F375-BFE9-46E0-9EA6-1A6B150F43FD" : [

    ]
  },
  "sceneCameraHistory" : {
    "1F3CE647-37F1-4E64-A2A2-854FEF6792EE" : [
      {
        "date" : 763619360.23348,
        "title" : "Untitled",
        "transform" : [
          0.9908386,
          7.2283157e-09,
          0.13505186,
          0,
          0.0061841165,
          0.9989511,
          -0.045371637,
          0,
          -0.13491023,
          0.045791134,
          0.98979914,
          0,
          -0.12368701,
          -0.6748484,
          3.627997,
          1
        ]
      },
      {
        "date" : 763619353.341019,
        "title" : "Untitled",
        "transform" : [
          0.9908386,
          7.2283157e-09,
          0.13505186,
          0,
          0.0061841165,
          0.9989511,
          -0.045371637,
          0,
          -0.13491023,
          0.045791134,
          0.98979914,
          0,
          -14.019505,
          1.7226336,
          1.6230927,
          1
        ]
      },
      {
        "date" : 763619250.196457,
        "title" : "Untitled",
        "transform" : [
          -0.15420069,
          6.853745e-09,
          -0.9880396,
          0,
          -0.21479146,
          0.9760844,
          0.03352199,
          0,
          0.96441,
          0.21739155,
          -0.15051286,
          0,
          4.785582,
          -0.12343699,
          -3.8064492,
          1
        ]
      },
      {
        "date" : 763616635.398276,
        "title" : "Untitled",
        "transform" : [
          -0.15420069,
          6.853745e-09,
          -0.9880396,
          0,
          -0.21479146,
          0.9760844,
          0.03352199,
          0,
          0.96441,
          0.21739155,
          -0.15051286,
          0,
          23.580217,
          8.63741,
          -6.973653,
          1
        ]
      },
      {
        "date" : 763616288.310622,
        "title" : "Untitled",
        "transform" : [
          0.17055961,
          3.42952e-09,
          -0.98534745,
          0,
          -0.5187113,
          0.85022163,
          -0.08978674,
          0,
          0.83776367,
          0.5264248,
          0.14501348,
          0,
          18.7351,
          15.892286,
          -0.051384926,
          1
        ]
      },
      {
        "date" : 763616282.70389,
        "title" : "Untitled",
        "transform" : [
          0.9979362,
          3.1879224e-09,
          -0.064210504,
          0,
          -0.03309833,
          0.85691065,
          -0.51440114,
          0,
          0.05502267,
          0.5154649,
          0.85514235,
          0,
          6.1293097,
          15.66577,
          18.601858,
          1
        ]
      },
      {
        "date" : 763616275.488609,
        "title" : "Untitled",
        "transform" : [
          0.3313192,
          2.8064546e-09,
          -0.94351864,
          0,
          -0.42601803,
          0.89226073,
          -0.14959736,
          0,
          0.84186465,
          0.4515204,
          0.29562315,
          0,
          18.500818,
          14.366133,
          2.454072,
          1
        ]
      },
      {
        "date" : 763616273.38008,
        "title" : "Untitled",
        "transform" : [
          0.98063636,
          2.1154491e-09,
          0.1958375,
          0,
          0.09618024,
          0.8710902,
          -0.4816131,
          0,
          -0.17059211,
          0.49112293,
          0.8542227,
          0,
          0.2470926,
          15.182463,
          18.559029,
          1
        ]
      },
      {
        "date" : 763616253.27133,
        "title" : "Untitled",
        "transform" : [
          0.88381636,
          3.1426453e-09,
          -0.46783394,
          0,
          -0.1568709,
          0.9421067,
          -0.29635516,
          0,
          0.4407495,
          0.335313,
          0.83264935,
          0,
          12.064472,
          12.038968,
          14.5829735,
          1
        ]
      },
      {
        "date" : 763616241.812814,
        "title" : "Untitled",
        "transform" : [
          -0.1414236,
          3.1073246e-09,
          -0.98994917,
          0,
          -0.61831653,
          0.7809495,
          0.088332385,
          0,
          0.7731003,
          0.6245941,
          -0.11044467,
          0,
          19.242262,
          19.60317,
          -10.847628,
          1
        ]
      }
    ],
    "4AFAB56E-38D4-4E2B-A791-05DBDD13D5EB" : [
      {
        "date" : 763619388.440131,
        "title" : "Untitled",
        "transform" : [
          0.999667,
          -1.6727195e-09,
          -0.025806624,
          0,
          -0.014672597,
          0.82264227,
          -0.56837004,
          0,
          0.021229621,
          0.56855935,
          0.8223683,
          0,
          0.012331769,
          0.53505504,
          0.8212521,
          1
        ]
      },
      {
        "date" : 763619385.888063,
        "title" : "Untitled",
        "transform" : [
          0.9996669,
          -2.2647577e-09,
          -0.025806624,
          0,
          -0.014672587,
          0.82264227,
          -0.56837004,
          0,
          0.021229595,
          0.56855935,
          0.8223682,
          0,
          0.16697836,
          2.3352377,
          2.8940566,
          1
        ]
      },
      {
        "date" : 763619376.509103,
        "title" : "Untitled",
        "transform" : [
          0.99779147,
          -1.9053665e-09,
          0.06642333,
          0,
          0.0157922,
          0.97132623,
          -0.23722555,
          0,
          -0.06451875,
          0.2377506,
          0.96918106,
          0,
          -0.14308903,
          1.1482228,
          3.538063,
          1
        ]
      },
      {
        "date" : 763619371.90242,
        "title" : "Untitled",
        "transform" : [
          0.99779147,
          -1.9053665e-09,
          0.06642333,
          0,
          0.0157922,
          0.97132623,
          -0.23722555,
          0,
          -0.06451875,
          0.2377506,
          0.96918106,
          0,
          -0.055531815,
          0.8255754,
          2.2228045,
          1
        ]
      },
      {
        "date" : 763619368.623448,
        "title" : "Untitled",
        "transform" : [
          0.99884206,
          -2.5780462e-09,
          0.048109233,
          0,
          0.032317735,
          0.74077153,
          -0.6709792,
          0,
          -0.03563798,
          0.67175704,
          0.73991376,
          0,
          0.01707852,
          1.7841903,
          1.5626554,
          1
        ]
      },
      {
        "date" : 763619365.26969,
        "title" : "Untitled",
        "transform" : [
          0.8145687,
          -2.4835565e-09,
          -0.58006716,
          0,
          -0.27218202,
          0.8830786,
          -0.382216,
          0,
          0.5122449,
          0.469225,
          0.71932817,
          0,
          1.2065403,
          1.3463491,
          1.535293,
          1
        ]
      },
      {
        "date" : 763262255.32837,
        "title" : "Untitled",
        "transform" : [
          0.105141744,
          2.6650209e-09,
          -0.9944573,
          0,
          -0.09657553,
          0.99527335,
          -0.010210727,
          0,
          0.9897567,
          0.09711376,
          0.1046448,
          0,
          2.3133132,
          0.5010481,
          0.15183048,
          1
        ]
      },
      {
        "date" : 763262239.360214,
        "title" : "Untitled",
        "transform" : [
          0.29169983,
          3.8348045e-09,
          -0.9565098,
          0,
          -0.49559152,
          0.8553051,
          -0.15113693,
          0,
          0.81810766,
          0.51812476,
          0.24949235,
          0,
          1.8172121,
          1.4538652,
          0.45775124,
          1
        ]
      },
      {
        "date" : 763201026.231414,
        "title" : "Untitled",
        "transform" : [
          0.99911994,
          -4.1061154e-10,
          0.041943625,
          0,
          0.007125491,
          0.98546433,
          -0.16973306,
          0,
          -0.041333944,
          0.16988255,
          0.984597,
          0,
          -0.0032007387,
          0.66967297,
          2.2753127,
          1
        ]
      },
      {
        "date" : 763201016.986053,
        "title" : "Untitled",
        "transform" : [
          0.85813147,
          -1.3141818e-08,
          0.51342994,
          0,
          -0.12520918,
          0.96980846,
          0.20927092,
          0,
          -0.49792862,
          -0.24386808,
          0.8322231,
          0,
          -0.5660359,
          0.61827224,
          3.4044619,
          1
        ]
      }
    ],
    "4DA1F27D-3DDE-4C5E-A470-E549F1A1E851" : [
      {
        "date" : 763178920.355088,
        "title" : "Untitled",
        "transform" : [
          -0.026998978,
          4.3713966e-10,
          0.99963546,
          0,
          0.4979232,
          0.8671169,
          0.013448319,
          0,
          -0.8668007,
          0.49810472,
          -0.023411268,
          0,
          -4.7918205,
          0.70431006,
          -2.6544063,
          1
        ]
      },
      {
        "date" : 763178875.921086,
        "title" : "Untitled",
        "transform" : [
          -0.026998978,
          4.3713966e-10,
          0.99963546,
          0,
          0.4979232,
          0.8671169,
          0.013448319,
          0,
          -0.86680084,
          0.49810478,
          -0.02341127,
          0,
          -4.5345883,
          0.66650164,
          -2.5119138,
          1
        ]
      }
    ],
    "C6A7F375-BFE9-46E0-9EA6-1A6B150F43FD" : [
      {
        "date" : 763262232.994408,
        "title" : "Untitled",
        "transform" : [
          -0.7796242,
          5.5509917e-09,
          -0.62624764,
          0,
          -0.19649288,
          0.94950163,
          0.2446166,
          0,
          0.5946231,
          0.31376222,
          -0.7402544,
          0,
          5.7662725,
          1.9372486,
          -14.7059765,
          1
        ]
      },
      {
        "date" : 763200371.510178,
        "title" : "Untitled",
        "transform" : [
          -0.7796242,
          5.5509917e-09,
          -0.62624764,
          0,
          -0.19649288,
          0.94950163,
          0.2446166,
          0,
          0.5946231,
          0.31376222,
          -0.7402544,
          0,
          1.1555762,
          -1.2109654,
          -9.343897,
          1
        ]
      },
      {
        "date" : 763191508.514744,
        "title" : "Untitled",
        "transform" : [
          -0.7796242,
          5.5509917e-09,
          -0.62624764,
          0,
          -0.19649288,
          0.94950163,
          0.2446166,
          0,
          0.5946231,
          0.31376222,
          -0.7402544,
          0,
          0.6483421,
          -2.536942,
          -8.712421,
          1
        ]
      },
      {
        "date" : 763191428.042719,
        "title" : "Untitled",
        "transform" : [
          0.6861052,
          5.6779372e-09,
          -0.7275024,
          0,
          -0.24123792,
          0.9434209,
          -0.22751077,
          0,
          0.686341,
          0.33159754,
          0.647286,
          0,
          0.46673003,
          -2.5216486,
          -7.5046678,
          1
        ]
      },
      {
        "date" : 763191329.119952,
        "title" : "Untitled",
        "transform" : [
          0.9999928,
          -6.2104424e-09,
          0.003806847,
          0,
          0.0024179553,
          0.7723823,
          -0.63515323,
          0,
          -0.0029403404,
          0.6351579,
          0.7723767,
          0,
          -0.042189326,
          -2.305696,
          -7.458932,
          1
        ]
      },
      {
        "date" : 763182701.9729,
        "title" : "Untitled",
        "transform" : [
          0.99999267,
          -6.2104415e-09,
          0.0038068464,
          0,
          0.0024179553,
          0.7723823,
          -0.63515323,
          0,
          -0.0029403404,
          0.6351579,
          0.7723767,
          0,
          -0.08273636,
          4.7052207,
          3.192071,
          1
        ]
      },
      {
        "date" : 763182687.817704,
        "title" : "Untitled",
        "transform" : [
          0.9978732,
          -6.1430483e-09,
          -0.06518443,
          0,
          -0.029109972,
          0.89474434,
          -0.4456289,
          0,
          0.058323406,
          0.44657874,
          0.89284146,
          0,
          0.78327817,
          2.010456,
          4.6064086,
          1
        ]
      },
      {
        "date" : 763182643.234477,
        "title" : "Untitled",
        "transform" : [
          0.9978732,
          -6.1430483e-09,
          -0.06518443,
          0,
          -0.029109972,
          0.89474434,
          -0.4456289,
          0,
          0.058323406,
          0.44657874,
          0.89284146,
          0,
          3.7303965,
          20.862514,
          52.038574,
          1
        ]
      },
      {
        "date" : 763182640.201754,
        "title" : "Untitled",
        "transform" : [
          0.9978732,
          -6.1430483e-09,
          -0.06518443,
          0,
          -0.029109972,
          0.89474434,
          -0.4456289,
          0,
          0.058323406,
          0.44657874,
          0.89284146,
          0,
          10.69412,
          65.407906,
          164.11569,
          1
        ]
      },
      {
        "date" : 763182636.618306,
        "title" : "Untitled",
        "transform" : [
          0.9978732,
          -6.1430483e-09,
          -0.06518443,
          0,
          -0.029109972,
          0.89474434,
          -0.4456289,
          0,
          0.058323406,
          0.44657874,
          0.89284146,
          0,
          0.7993894,
          2.1135168,
          4.865709,
          1
        ]
      }
    ]
  },
  "sceneViewportBackgroundColors" : {

  },
  "selectedSceneRelativePath" : "Tank\/Tank.usda"
}